STRUCTURE	ENERGY
0	-.46202080E+02
1	-.44064689E+02
2	-.40824164E+02
3	-.41469080E+02
4	-.37929757E+02
5	-.34137967E+02
6	-.90272030E+02
7	-.87621936E+02
8	-.87936542E+02
9	-.85059214E+02
10	-.82045941E+02
11	-.87611328E+02
12	-.84929602E+02
13	-.85552998E+02
14	-.85122058E+02
15	-.82247738E+02
16	-.82420166E+02
17	-.82138186E+02
18	-.79030930E+02
19	-.78814368E+02
20	-.75492267E+02
21	-.82586442E+02
22	-.79449266E+02
23	-.82247021E+02
24	-.79098836E+02
25	-.75869056E+02
26	-.75551738E+02
27	-.72154122E+02
28	-.90207079E+02
29	-.86939057E+02
30	-.87811007E+02
31	-.87792054E+02
32	-.84405739E+02
33	-.87930507E+02
34	-.85303071E+02
35	-.81805273E+02
36	-.84839342E+02
37	-.85504060E+02
38	-.82081817E+02
39	-.85486022E+02
40	-.82114652E+02
41	-.82771819E+02
42	-.82689246E+02
43	-.79290452E+02
44	-.78760612E+02
45	-.75817633E+02
46	-.81945044E+02
47	-.80915398E+02
48	-.78429588E+02
49	-.79360660E+02
50	-.75722299E+02
51	-.79387507E+02
52	-.75753499E+02
53	-.74949911E+02
54	-.72089169E+02
55	-.90283953E+02
56	-.87518444E+02
57	-.87959965E+02
58	-.85026957E+02
59	-.82037746E+02
60	-.87716717E+02
61	-.84917049E+02
62	-.85567356E+02
63	-.85172215E+02
64	-.82230863E+02
65	-.82435739E+02
66	-.82150856E+02
67	-.79041747E+02
68	-.78838086E+02
69	-.75527270E+02
70	-.82548521E+02
71	-.79417653E+02
72	-.82193646E+02
73	-.79069824E+02
74	-.75834366E+02
75	-.75543535E+02
76	-.72163018E+02
77	-.90321801E+02
78	-.87855890E+02
79	-.88038784E+02
80	-.87885018E+02
81	-.85260652E+02
82	-.87492055E+02
83	-.84908270E+02
84	-.81968118E+02
85	-.84912102E+02
86	-.85616704E+02
87	-.82107674E+02
88	-.88132753E+02
89	-.85612589E+02
90	-.85145747E+02
91	-.82258282E+02
92	-.82442608E+02
93	-.81849774E+02
94	-.78813079E+02
95	-.85489057E+02
96	-.82359428E+02
97	-.82242567E+02
98	-.78808980E+02
99	-.82420043E+02
100	-.78998974E+02
101	-.75328518E+02
102	-.82772695E+02
103	-.82619891E+02
104	-.79131481E+02
105	-.79447107E+02
106	-.79341886E+02
107	-.75835631E+02
108	-.79414242E+02
109	-.75697135E+02
110	-.75678509E+02
111	-.75817915E+02
112	-.72088568E+02
113	-.90181328E+02
114	-.86748554E+02
115	-.87749270E+02
116	-.84190637E+02
117	-.84259278E+02
118	-.80563050E+02
119	-.88017879E+02
120	-.84804398E+02
121	-.85486103E+02
122	-.85435013E+02
123	-.82038870E+02
124	-.81776798E+02
125	-.81791323E+02
126	-.78207665E+02
127	-.82084140E+02
128	-.78714656E+02
129	-.78255182E+02
130	-.74768953E+02
131	-.82977825E+02
132	-.79374977E+02
133	-.82989998E+02
134	-.79479831E+02
135	-.75726760E+02
136	-.75958248E+02
137	-.72043941E+02
138	-.12445591E+03
139	-.12429273E+03
140	-.12424497E+03
141	-.12421464E+03
142	-.12409649E+03
143	-.12411266E+03
144	-.12425023E+03
145	-.12409839E+03
146	-.12422111E+03
147	-.12423243E+03
148	-.12410213E+03
149	-.12407594E+03
150	-.12388911E+03
151	-.12391823E+03
152	-.12392037E+03
153	-.12389035E+03
154	-.12389381E+03
155	-.12388753E+03
156	-.12368354E+03
157	-.12385817E+03
158	-.12364095E+03
159	-.12387562E+03
160	-.12382972E+03
161	-.12387838E+03
162	-.12388722E+03
163	-.12373682E+03
164	-.12386772E+03
165	-.12382492E+03
166	-.12368376E+03
167	-.12394783E+03
168	-.12371212E+03
169	-.12363878E+03
170	-.12366346E+03
171	-.12397485E+03
172	-.12401148E+03
173	-.12398669E+03
174	-.12404834E+03
175	-.12408093E+03
176	-.12372785E+03
177	-.12372178E+03
178	-.12366386E+03
179	-.12372613E+03
180	-.12361834E+03
181	-.12367943E+03
182	-.12366489E+03
183	-.12371388E+03
184	-.12370262E+03
185	-.12352817E+03
186	-.12356183E+03
187	-.12363802E+03
188	-.12362442E+03
189	-.12378179E+03
190	-.12372602E+03
191	-.12372895E+03
192	-.12377248E+03
193	-.12368487E+03
194	-.12367828E+03
195	-.12379145E+03
196	-.12380139E+03
197	-.12348796E+03
198	-.12352936E+03
199	-.12365149E+03
200	-.12360696E+03
201	-.12378354E+03
202	-.12374938E+03
203	-.12381358E+03
204	-.12353831E+03
205	-.12355114E+03
206	-.12348549E+03
207	-.12370596E+03
208	-.12356587E+03
209	-.12364172E+03
210	-.12357375E+03
211	-.12362945E+03
212	-.12361383E+03
213	-.12363969E+03
214	-.12362016E+03
215	-.12362717E+03
216	-.12354312E+03
217	-.12354387E+03
218	-.12383112E+03
219	-.12380307E+03
220	-.12351344E+03
221	-.12357965E+03
222	-.12360784E+03
223	-.12354412E+03
224	-.12353758E+03
225	-.12355474E+03
226	-.12359471E+03
227	-.12357763E+03
228	-.12357049E+03
229	-.12357591E+03
230	-.12356015E+03
231	-.12340579E+03
232	-.12360156E+03
233	-.12362367E+03
234	-.12348426E+03
235	-.12362802E+03
236	-.12367361E+03
237	-.12352329E+03
238	-.16593096E+03
239	-.16592604E+03
240	-.16598002E+03
241	-.16593854E+03
242	-.16601085E+03
243	-.16570292E+03
244	-.16572016E+03
245	-.16577048E+03
246	-.16576440E+03
247	-.16551293E+03
248	-.16559750E+03
249	-.16568844E+03
250	-.16568862E+03
251	-.16570310E+03
252	-.16559355E+03
253	-.16558505E+03
254	-.16571457E+03
255	-.16571423E+03
256	-.16572286E+03
257	-.16571251E+03
258	-.16557072E+03
259	-.16559239E+03
260	-.16575330E+03
261	-.16557797E+03
262	-.16560594E+03
263	-.16575201E+03
264	-.16581015E+03
265	-.16574660E+03
266	-.16571612E+03
267	-.16572105E+03
268	-.16566726E+03
269	-.16575787E+03
270	-.16575889E+03
271	-.16547963E+03
272	-.16557298E+03
273	-.16552125E+03
274	-.16552593E+03
275	-.16561342E+03
276	-.16554159E+03
277	-.16541628E+03
278	-.16546057E+03
279	-.16543397E+03
280	-.16547384E+03
281	-.16556919E+03
282	-.16544847E+03
283	-.16540666E+03
284	-.16545071E+03
285	-.16559277E+03
286	-.16577003E+03
287	-.16535804E+03
288	-.16553706E+03
289	-.16560083E+03
290	-.16556089E+03
291	-.16556656E+03
292	-.16550205E+03
293	-.16541704E+03
294	-.16541657E+03
295	-.16534989E+03
296	-.16540704E+03
297	-.16537190E+03
298	-.16539003E+03
299	-.16541740E+03
300	-.16536443E+03
301	-.16533720E+03
302	-.16535459E+03
303	-.16538588E+03
304	-.16535835E+03
305	-.16540080E+03
306	-.16536718E+03
307	-.16542862E+03
308	-.16543052E+03
309	-.16530252E+03
310	-.16537313E+03
311	-.16538034E+03
312	-.16538633E+03
313	-.16540008E+03
314	-.16539848E+03
315	-.16544691E+03
316	-.16519648E+03
317	-.16538113E+03
318	-.16519143E+03
319	-.16533711E+03
320	-.16537904E+03
321	-.16544397E+03
322	-.16537188E+03
323	-.16540465E+03
324	-.16543071E+03
325	-.16538941E+03
326	-.16540700E+03
327	-.16542984E+03
328	-.16528399E+03
329	-.16533943E+03
330	-.16523379E+03
331	-.16524487E+03
332	-.16527774E+03
333	-.16533815E+03
334	-.16545147E+03
335	-.16547010E+03
336	-.16547758E+03
337	-.16546304E+03
